Raduls_sort;lengthmin=16384;lengthmax=536870912;lengtstep=0;lengtmult=2;num_threads=1;testite=1
seconds  length
0.005041 16384
0.004873 32768
0.006282 65536
0.010783 131072
0.019063 262144
0.043144 524288
0.103691 1048576
0.359827 2097152
0.244924 4194304
0.432343 8388608
0.941415 16777216
2.147557 33554432
4.885882 67108864
11.292381 134217728
27.775635 268435456
80.702843 536870912
Raduls_sort;lengthmin=16384;lengthmax=536870912;lengtstep=0;lengtmult=2;num_threads=2;testite=1
seconds  length
0.006905 16384
0.004873 32768
0.006012 65536
0.010591 131072
0.011915 262144
0.022975 524288
0.054975 1048576
0.149456 2097152
0.125645 4194304
0.224082 8388608
0.509622 16777216
1.096681 33554432
2.530621 67108864
5.805168 134217728
14.656040 268435456
41.039107 536870912
Raduls_sort;lengthmin=16384;lengthmax=536870912;lengtstep=0;lengtmult=2;num_threads=3;testite=1
seconds  length
0.008673 16384
0.006493 32768
0.007625 65536
0.009327 131072
0.010663 262144
0.017948 524288
0.037194 1048576
0.104338 2097152
0.087348 4194304
0.152986 8388608
0.343677 16777216
0.782503 33554432
1.777523 67108864
4.121500 134217728
9.998250 268435456
29.173432 536870912
Raduls_sort;lengthmin=16384;lengthmax=536870912;lengtstep=0;lengtmult=2;num_threads=4;testite=1
seconds  length
0.010953 16384
0.008485 32768
0.010949 65536
0.010829 131072
0.011448 262144
0.016405 524288
0.036748 1048576
0.095121 2097152
0.074029 4194304
0.125310 8388608
0.265157 16777216
0.598256 33554432
1.370520 67108864
3.147074 134217728
7.704912 268435456
22.372455 536870912
Raduls_sort;lengthmin=16384;lengthmax=536870912;lengtstep=0;lengtmult=2;num_threads=5;testite=1
seconds  length
0.013786 16384
0.011570 32768
0.010521 65536
0.010604 131072
0.012107 262144
0.018091 524288
0.032327 1048576
0.079719 2097152
0.060457 4194304
0.107806 8388608
0.224949 16777216
0.487756 33554432
1.155761 67108864
2.629504 134217728
6.392957 268435456
18.725169 536870912
Raduls_sort;lengthmin=16384;lengthmax=536870912;lengtstep=0;lengtmult=2;num_threads=6;testite=1
seconds  length
0.013774 16384
0.012320 32768
0.011708 65536
0.012605 131072
0.013599 262144
0.018476 524288
0.029481 1048576
0.067847 2097152
0.061533 4194304
0.107062 8388608
0.200155 16777216
0.436792 33554432
0.991263 67108864
2.301976 134217728
5.734378 268435456
16.374473 536870912
Raduls_sort;lengthmin=16384;lengthmax=536870912;lengtstep=0;lengtmult=2;num_threads=7;testite=1
seconds  length
0.014389 16384
0.015043 32768
0.014322 65536
0.014408 131072
0.014986 262144
0.019255 524288
0.033537 1048576
0.067139 2097152
0.057836 4194304
0.090507 8388608
0.183502 16777216
0.413640 33554432
0.957298 67108864
2.128132 134217728
5.093015 268435456
14.725318 536870912
Raduls_sort;lengthmin=16384;lengthmax=536870912;lengtstep=0;lengtmult=2;num_threads=8;testite=1
seconds  length
0.017336 16384
0.016233 32768
0.017052 65536
0.015317 131072
0.019028 262144
0.020440 524288
0.030690 1048576
0.068500 2097152
0.056750 4194304
0.084758 8388608
0.190808 16777216
0.382766 33554432
0.843140 67108864
1.972419 134217728
4.794202 268435456
13.763139 536870912
Raduls_sort;lengthmin=16384;lengthmax=536870912;lengtstep=0;lengtmult=2;num_threads=9;testite=1
seconds  length
0.018683 16384
0.018163 32768
0.017662 65536
0.016739 131072
0.018435 262144
0.023373 524288
0.031186 1048576
0.062265 2097152
0.054923 4194304
0.092568 8388608
0.167964 16777216
0.362881 33554432
0.822937 67108864
1.823731 134217728
4.486462 268435456
12.877071 536870912
Raduls_sort;lengthmin=16384;lengthmax=536870912;lengtstep=0;lengtmult=2;num_threads=10;testite=1
seconds  length
0.019257 16384
0.019738 32768
0.018975 65536
0.018971 131072
0.022639 262144
0.023541 524288
0.032036 1048576
0.062079 2097152
0.056668 4194304
0.084316 8388608
0.163835 16777216
0.351287 33554432
0.769049 67108864
1.756424 134217728
4.275081 268435456
12.158469 536870912
Raduls_sort;lengthmin=16384;lengthmax=536870912;lengtstep=0;lengtmult=2;num_threads=11;testite=1
seconds  length
0.021356 16384
0.022351 32768
0.020312 65536
0.020259 131072
0.024342 262144
0.025870 524288
0.036327 1048576
0.062498 2097152
0.056610 4194304
0.082794 8388608
0.166469 16777216
0.333207 33554432
0.764548 67108864
1.671744 134217728
4.119963 268435456
11.788122 536870912
Raduls_sort;lengthmin=16384;lengthmax=536870912;lengtstep=0;lengtmult=2;num_threads=12;testite=1
seconds  length
0.025020 16384
0.025069 32768
0.022298 65536
0.022085 131072
0.023006 262144
0.027226 524288
0.034391 1048576
0.061565 2097152
0.059382 4194304
0.088747 8388608
0.153063 16777216
0.326314 33554432
0.756745 67108864
1.624102 134217728
3.990880 268435456
11.341319 536870912

